File: C:\MED-PC IV\DATA\!2018-11-27_08h39m.Subject _0001



Start Date: 11/27/18
End Date: 11/27/18
Subject: _0001
Experiment: OC1
Group: 1
Box: 1
Start Time:  8:39:51
End Time:  9:42:12
MSN: PavlovianCueIllicitedRespondingREV2-28-18
A:
     0:           0.8           0.0           0.0           0.0           0.0
     5:           0.0           0.0           0.0           0.0           0.0
    10:           0.0           0.0           0.0           0.0           0.0
    15:           0.0           0.0           0.0           0.0           0.0
    20:           0.0           0.0           0.0           0.0           0.0
    25:           0.0           0.0           0.0           0.0           0.0
    30:           0.0           0.0           0.0           0.0           0.0
    35:           0.0           0.0           0.0           0.0           0.0
    40:         -99.0
W:
     0:   456600116.0   456600113.0   456701011.0   457901001.0   461601125.0
     5:   464601011.0   470901001.0   473301011.0   485001001.0   488901011.0
    10:   501201001.0   501601126.0   501600025.0   506101011.0   526600026.0
    15:   536401001.0   546601011.0   550201001.0   580801011.0   583201001.0
    20:   661401011.0   679101001.0   681601125.0   684701011.0   688301001.0
    25:   688901011.0   721601126.0   721600025.0   746600026.0   752801001.0
    30:   810001011.0   817801001.0   827101011.0   828301001.0   875701011.0
    35:   883201001.0   941401011.0   942901001.0   972901011.0   973801001.0
    40:   974001011.0   974901001.0   975401011.0   980201001.0   983501011.0
    45:   996701001.0  1004501011.0  1054001001.0  1057801011.0  1077601001.0
    50:  1086601125.0  1086801011.0  1126601126.0  1126600025.0  1151600026.0
    55:  1157901001.0  1158201011.0  1159701001.0  1163101011.0  1170001001.0
    60:  1171001011.0  1173101001.0  1173301011.0  1173901001.0  1174001011.0
    65:  1174601001.0  1174901011.0  1179401001.0  1180101011.0  1180701001.0
    70:  1182801011.0  1183401001.0  1188801011.0  1189401001.0  1190701011.0
    75:  1191301001.0  1192001011.0  1192601001.0  1192601011.0  1193201001.0
    80:  1194401011.0  1195001001.0  1210401011.0  1213101001.0  1213201011.0
    85:  1228201001.0  1238301011.0  1246701001.0  1247601011.0  1249101001.0
    90:  1263301011.0  1265101001.0  1266901011.0  1267501001.0  1293001011.0
    95:  1295401001.0  1305201011.0  1322001001.0  1384801011.0  1385401001.0
   100:  1385801011.0  1391501001.0  1391601011.0  1392201001.0  1400201011.0
   105:  1410401001.0  1506401011.0  1509701001.0  1586601125.0  1591501011.0
   110:  1626601126.0  1626600025.0  1651600026.0  1657201001.0  1672701011.0
   115:  1687101001.0  1713701011.0  1727501001.0  1792001011.0  1800101001.0
   120:  1874801011.0  1882901001.0  2100401011.0  2101601001.0  2102001011.0
   125:  2108301001.0  2164101011.0  2164701001.0  2211601125.0  2215101011.0
   130:  2221101001.0  2223101011.0  2251601126.0  2251600025.0  2276600026.0
   135:  2291501001.0  2308801011.0  2319901001.0  2335701011.0  2350101001.0
   140:  2370401011.0  2378501001.0  2466601125.0  2478901011.0  2506601126.0
   145:  2506600025.0  2531600026.0  2535901001.0  2551801011.0  2556301001.0
   150:  2556801011.0  2559801001.0  2639901011.0  2645301001.0  2672001011.0
   155:  2673201001.0  2786101011.0  2796601001.0  2823401011.0  2824001001.0
   160:  2824201011.0  2826001001.0  3135901011.0  3141601001.0  3198101125.0
   165:  3204401011.0  3238101126.0  3238100025.0  3263100026.0  3267401001.0
   170:  3294901011.0  3298501001.0  3301101011.0  3304101125.0  3322101001.0
   175:  3323901011.0  3344101126.0  3344100025.0  3369100026.0  3374601001.0
   180:  3376701011.0  3387201001.0  3400101011.0  3414201001.0  3421901011.0
   185:  3443801001.0  3451101011.0  3454701001.0  3457601011.0  3458201001.0
   190:  3458501011.0  3468701001.0  3472001011.0  3484001001.0  3493601011.0
   195:  3495701001.0  3499101011.0  3499701001.0  3506401011.0  3507001001.0
   200:  3508401011.0  3528201001.0  3540001011.0  3546001001.0  3550501011.0
   205:  3551101001.0  3554501011.0  3558101001.0  3560801011.0  3561701001.0
   210:  3584601011.0  3586101001.0  3606701011.0  3613601001.0  3614701011.0
   215:  3615301001.0  3615401011.0  3616001001.0  3629401011.0  3645301001.0
   220:  3658301011.0  3670301001.0  3688201011.0  3697801001.0  3708101011.0
   225:  3712301001.0  3750901011.0  3758401001.0  3790001011.0  3791501001.0
   230:  4074101125.0  4077301011.0  4114101126.0  4114100025.0  4139100026.0
   235:  4163101001.0  4185701011.0  4192001001.0  4346901011.0  4357701001.0
   240:  4435701011.0  4439001001.0  4509701011.0  4520801001.0  4522901011.0
   245:  4544801001.0  4545001011.0  4545601001.0  4546101011.0  4547901001.0
   250:  4558901011.0  4559801001.0  4566801011.0  4568901001.0  4812801011.0
   255:  4816701001.0  4949101125.0  4954201011.0  4989101126.0  4989100025.0
   260:  5014100026.0  5019601001.0  5033601011.0  5045301001.0  5065901011.0
   265:  5071601125.0  5111601126.0  5111600025.0  5136600026.0  5154701001.0
   270:  5166001011.0  5181001001.0  5231601125.0  5248301011.0  5271601126.0
   275:  5271600025.0  5296600026.0  5302901001.0  5306601011.0  5321601001.0
   280:  5330901011.0  5341701001.0  5378001011.0  5398401001.0  5414901011.0
   285:  5433801001.0  5484601011.0  5487901001.0  5489201011.0  5496701001.0
   290:  5554801011.0  5564101001.0  5574801011.0  5575701001.0  5586601125.0
   295:  5594601011.0  5626601126.0  5626600025.0  5651600026.0  5656401001.0
   300:  5659001011.0  5659601001.0  5660201011.0  5679701001.0  5743101011.0
   305:  5758101001.0  5923901011.0  5935601001.0  6002001011.0  6002901001.0
   310:  6003501011.0  6011001001.0  6061601125.0  6064901011.0  6101601126.0
   315:  6101600025.0  6126600026.0  6132101001.0  6133301011.0  6153701001.0
   320:  6168501011.0  6176301001.0  6183501011.0  6184401001.0  6190401011.0
   325:  6196101001.0  6279801011.0  6281901001.0  6372101011.0  6373601001.0
   330:  6390301011.0  6391801001.0  6491601125.0  6499101011.0  6531601126.0
   335:  6531600025.0  6556600026.0  6560901001.0  6605301011.0  6614901001.0
   340:  6830201011.0  6835601001.0  6838001011.0  6856301001.0  6876401011.0
   345:  6877001001.0  7048101125.0  7053501011.0  7055601001.0  7055701011.0
   350:  7088101126.0  7088100025.0  7113100026.0  7117801001.0  7134001011.0
   355:  7147201001.0  7152301011.0  7164001001.0  7278401011.0  7287701001.0
   360:  7298401011.0  7306201001.0  7311101011.0  7312001001.0  7326601011.0
   365:  7331101001.0  7603601011.0  7629401001.0  7632101011.0  7632701001.0
   370:  7646201011.0  7657601001.0  7744701011.0  7756401001.0  7899401011.0
   375:  7906901001.0  8028101125.0  8031101011.0  8068101126.0  8068100025.0
   380:  8093100026.0  8098301001.0  8112301011.0  8123401001.0  8149301011.0
   385:  8167601001.0  8176701011.0  8184201001.0  8355501011.0  8359401001.0
   390:  8359501011.0  8363401001.0  8688001011.0  8694301001.0  8815601011.0
   395:  8821301001.0  8839401011.0  8847501001.0  8982901011.0  8986501001.0
   400:  8986601011.0  8987201001.0  9059001011.0  9059901001.0  9060401011.0
   405:  9072101001.0  9098101125.0  9102801011.0  9107601001.0  9108001011.0
   410:  9138101126.0  9138100025.0  9163100026.0  9185101125.0  9185701001.0
   415:  9188401011.0  9225101126.0  9225100025.0  9250100026.0  9255301001.0
   420:  9260801011.0  9261401001.0  9265401011.0  9280701001.0  9289501011.0
   425:  9304201001.0  9312301011.0  9324301001.0  9412501011.0  9434701001.0
   430:  9439101011.0  9446601001.0  9447601011.0  9448501001.0  9449801011.0
   435:  9450401001.0  9467901011.0  9480201001.0  9483001011.0  9485101125.0
   440:  9495301001.0  9502701011.0  9525101126.0  9525100025.0  9550100026.0
   445:  9575001001.0  9581201011.0  9596501001.0  9600101011.0  9692201001.0
   450:  9707401011.0  9715801001.0  9716001011.0  9716601001.0  9716801011.0
   455:  9721601001.0  9724601011.0  9726401001.0  9735001011.0  9738601001.0
   460:  9744901011.0  9753001001.0  9755101125.0  9756001011.0  9756601001.0
   465:  9758201011.0  9759701001.0  9760001011.0  9795101126.0  9795100025.0
   470:  9820100026.0  9830201001.0  9836101011.0  9840601001.0  9844601011.0
   475:  9845201001.0  9846501011.0  9847401001.0  9848501011.0  9849101001.0
   480:  9850101011.0  9857301001.0  9857501011.0  9858101001.0  9859501011.0
   485:  9860401001.0  9860901011.0  9861801001.0  9874701011.0  9878901001.0
   490:  9880701011.0  9881601001.0  9885701011.0  9886601001.0  9888601011.0
   495:  9892801001.0  9898401011.0  9899001001.0  9899201011.0  9900701001.0
   500:  9907801011.0  9908401001.0  9908501011.0  9909101001.0  9910601011.0
   505:  9911201001.0  9921701011.0  9923201001.0  9926601011.0  9927501001.0
   510:  9928701011.0  9929601001.0  9929701011.0  9936901001.0  9937601011.0
   515:  9968501001.0  9971901011.0  9972501001.0  9972901011.0  9973501001.0
   520:  9982001011.0 10041701001.0 10052401011.0 10063801001.0 10079201011.0
   525: 10088201001.0 10094201011.0 10101101001.0 10125301011.0 10126501001.0
   530: 10127001011.0 10148001001.0 10157201011.0 10166801001.0 10182201011.0
   535: 10185101125.0 10225101126.0 10225100025.0 10250100026.0 10273401001.0
   540: 10290001011.0 10305601001.0 10337501011.0 10354901001.0 10378701011.0
   545: 10396701001.0 10407601011.0 10416601001.0 10419201011.0 10424301001.0
   550: 10440101125.0 10445001011.0 10480101126.0 10480100025.0 10505100026.0
   555: 10512501001.0 10540701011.0 10558101001.0 10562601125.0 10564201011.0
   560: 10602601126.0 10602600025.0 10627600026.0 10639201001.0 10656201011.0
   565: 10676001001.0 10693501011.0 10694701001.0 10713101011.0 10717901001.0
   570: 10725201011.0 10742601001.0 10769401011.0 10792201001.0 10799701011.0
   575: 10807201001.0 10816201011.0 10821901001.0 10841501011.0 10852601001.0
   580: 10876801011.0 10884301001.0 11026401011.0 11036601001.0 11037601125.0
   585: 11040801011.0 11043201001.0 11044701011.0 11054301001.0 11055901011.0
   590: 11077601126.0 11077600025.0 11102600026.0 11109001001.0 11123601011.0
   595: 11142501001.0 11143601125.0 11145601011.0 11183601126.0 11183600025.0
   600: 11208600026.0 11214301001.0 11222301011.0 11233101001.0 11247501011.0
   605: 11259801001.0 11267701011.0 11269201001.0 11271701011.0 11278601001.0
   610: 11301101011.0 11317601001.0 11341901011.0 11350901001.0 11356401011.0
   615: 11362701001.0 11363601125.0 11368701011.0 11403601126.0 11403600025.0
   620: 11428600026.0 11434101001.0 11437001011.0 11447201001.0 11469801011.0
   625: 11477001001.0 11659201011.0 11665801001.0 11697901011.0 11713201001.0
   630: 11862001011.0 11863601125.0 11903601126.0 11903600025.0 11928600026.0
   635: 11936401001.0 11945701011.0 11957101001.0 11978101011.0 11983501001.0
   640: 11987601011.0 11994201001.0 12139701011.0 12148401001.0 12226101011.0
   645: 12237801001.0 12304701011.0 12317301001.0 12334101011.0 12338301001.0
   650: 12420101125.0 12422801011.0 12426401001.0 12426701011.0 12460101126.0
   655: 12460100025.0 12485100026.0 12490301001.0 12511801011.0 12528301001.0
   660: 12532201011.0 12537001001.0 12640201011.0 12647401001.0 12655501011.0
   665: 12658801001.0 12706201011.0 12706801001.0 12829801011.0 12842101001.0
   670: 12845801011.0 12853601001.0 12862501011.0 12870901001.0 12873701011.0
   675: 12874301001.0 12875301011.0 12879801001.0 12880701011.0 12882201001.0
   680: 12882801011.0 12883401001.0 12885101011.0 12885701001.0 12889101011.0
   685: 12890001001.0 12898501011.0 12899401001.0 12901601011.0 12902201001.0
   690: 12913501011.0 12919801001.0 12919901011.0 12920501001.0 12928301011.0
   695: 12946001001.0 12956801011.0 12958001001.0 12960001011.0 12960601001.0
   700: 12960701011.0 12961301001.0 12963401011.0 12972101001.0 12974701011.0
   705: 12975301001.0 12976901011.0 13020701001.0 13021301011.0 13021901001.0
   710: 13023001011.0 13024201001.0 13025601011.0 13034301001.0 13036301011.0
   715: 13044401001.0 13045101125.0 13046101011.0 13046701001.0 13047501011.0
   720: 13085101126.0 13085100025.0 13110100026.0 13125201001.0 13142001011.0
   725: 13159701001.0 13160801011.0 13172501001.0 13178601011.0 13179501001.0
   730: 13182501011.0 13185801001.0 13187901011.0 13188501001.0 13191301011.0
   735: 13197901001.0 13203101011.0 13203701001.0 13205001011.0 13205601001.0
   740: 13208101011.0 13209301001.0 13214401011.0 13215001001.0 13217001011.0
   745: 13217601001.0 13220701011.0 13221301001.0 13221901011.0 13230601001.0
   750: 13231201011.0 13231801001.0 13231801011.0 13232401001.0 13233701011.0
   755: 13235201001.0 13236501011.0 13238301001.0 13238801011.0 13240601001.0
   760: 13245201011.0 13247001001.0 13250601011.0 13256301001.0 13260301011.0
   765: 13260901001.0 13262801011.0 13267301001.0 13267501011.0 13294801001.0
   770: 13305701011.0 13310501001.0 13314601011.0 13315201001.0 13315201011.0
   775: 13319701001.0 13322801011.0 13323401001.0 13327401011.0 13328601001.0
   780: 13328901011.0 13329501001.0 13330101011.0 13330701001.0 13333601011.0
   785: 13334201001.0 13336601011.0 13346501001.0 13348901011.0 13349501001.0
   790: 13386001011.0 13397401001.0 13400701011.0 13408201001.0 13408301011.0
   795: 13409201001.0 13412201011.0 13416101001.0 13417301011.0 13417901001.0
   800: 13418901011.0 13419501001.0 13419901011.0 13420501001.0 13421801011.0
   805: 13422401001.0 13423601011.0 13424501001.0 13425801011.0 13427001001.0
   810: 13428701011.0 13430201001.0 13430701011.0 13431301001.0 13432601011.0
   815: 13434101001.0 13441001011.0 13441901001.0 13442501011.0 13443101001.0
   820: 13452301011.0 13455301001.0 13457701011.0 13458601001.0 13459801011.0
   825: 13460401001.0 13467201011.0 13469001001.0 13485601011.0 13490401001.0
   830: 13537701011.0 13542501001.0 13545201011.0 13546401001.0 13546901011.0
   835: 13547501001.0 13549601011.0 13551101001.0 13710201011.0 13720701001.0
   840: 13739401011.0 13746301001.0 13769501011.0 13773401001.0 13815101125.0
   845: 13831201011.0 13855101126.0 13855100025.0 13880100026.0 13885201001.0
   850: 13898501011.0 13912901001.0 13913101011.0 13913701001.0 13921701011.0
   855: 13929801001.0 13943501011.0 13956701001.0 13975101125.0 13989701011.0
   860: 14015101126.0 14015100025.0 14040100026.0 14044901001.0 14045501011.0
   865: 14049701001.0 14063201011.0 14071901001.0 14349701011.0 14359001001.0
   870: 14362201011.0 14364301001.0 14395701011.0 14403801001.0 14637301011.0
   875: 14643001001.0 14666701011.0 14667601001.0 14868001011.0 14874001001.0
   880: 14955101125.0 14959701011.0 14995101126.0 14995100025.0 15020100026.0
   885: 15024801001.0 15048901011.0 15071101001.0 15083701011.0 15090601001.0
   890: 15090901011.0 15096301001.0 15274601011.0 15285401001.0 15638201011.0
   895: 15653801001.0 15681901011.0 15686101001.0 15747101011.0 15751001001.0
   900: 15830101125.0 15832801011.0 15836101001.0 15836201011.0 15870101126.0
   905: 15870100025.0 15895100026.0 15904301001.0 15928001011.0 15941501001.0
   910: 15950101011.0 15956401001.0 15958301011.0 15958901001.0 15980301011.0
   915: 15986301001.0 15988401011.0 15989001001.0 16006901011.0 16025201001.0
   920: 16033301011.0 16034801001.0 16035801011.0 16036401001.0 16036501011.0
   925: 16037101001.0 16038201011.0 16043601001.0 16047401011.0 16053401001.0
   930: 16053801011.0 16054401001.0 16056501011.0 16057101001.0 16057801011.0
   935: 16070401001.0 16073501011.0 16084301001.0 16088801011.0 16099001001.0
   940: 16102701011.0 16107501001.0 16110301011.0 16119301001.0 16131401011.0
   945: 16143101001.0 16147301011.0 16161701001.0 16161901011.0 16162801001.0
   950: 16166001011.0 16172901001.0 16173201011.0 16173801001.0 16175201011.0
   955: 16175801001.0 16177001011.0 16186301001.0 16188401011.0 16189001001.0
   960: 16189801011.0 16190401001.0 16193101011.0 16193701001.0 16194601011.0
   965: 16195501001.0 16196501011.0 16197101001.0 16201301011.0 16205201001.0
   970: 16210101011.0 16217901001.0 16219501011.0 16220101001.0 16222901011.0
   975: 16223801001.0 16224401011.0 16237901001.0 16237901011.0 16238501001.0
   980: 16241401011.0 16249201001.0 16266201011.0 16278801001.0 16427301011.0
   985: 16435701001.0 16449101011.0 16456301001.0 16561601125.0 16566201011.0
   990: 16567401001.0 16568801011.0 16601601126.0 16601600025.0 16626600026.0
   995: 16634201001.0 16672401011.0 16677501001.0 16679701011.0 16682401001.0
  1000: 16693901011.0 16695701001.0 16696601011.0 16700501001.0 16702701011.0
  1005: 16703301001.0 16703701011.0 16704301001.0 16705601011.0 16706501001.0
  1010: 16707501011.0 16712301001.0 16716901011.0 16717801001.0 16724301011.0
  1015: 16725201001.0 16730001011.0 16730601001.0 16731901011.0 16732501001.0
  1020: 16734301011.0 16734901001.0 16734901011.0 16736401001.0 16736901011.0
  1025: 16741401001.0 16743401011.0 16744301001.0 16765701011.0 16767801001.0
  1030: 16770501011.0 16775301001.0 16780001011.0 16780901001.0 16781301011.0
  1035: 16785501001.0 16787301011.0 16787901001.0 16791601011.0 16792501001.0
  1040: 16793301011.0 16798101001.0 16799501011.0 16800401001.0 16800801011.0
  1045: 16801701001.0 16802101011.0 16802701001.0 16802901011.0 16803501001.0
  1050: 16804501011.0 16805701001.0 16807301011.0 16808201001.0 16809601011.0
  1055: 16817101001.0 16822501011.0 16823401001.0 16826901011.0 16827801001.0
  1060: 16829201011.0 16832501001.0 16834101011.0 16836201001.0 16841201011.0
  1065: 16842101001.0 16987501011.0 16998301001.0 17051701011.0 17061301001.0
  1070: 17069301011.0 17074701001.0 17292801011.0 17294001001.0 17296601011.0
  1075: 17309201001.0 17421401011.0 17434001001.0 17460301011.0 17461201001.0
  1080: 17631601125.0 17633501011.0 17636201001.0 17637301011.0 17671601126.0
  1085: 17671600025.0 17696600026.0 17713501001.0 17718601125.0 17723401011.0
  1090: 17733301001.0 17736301011.0 17758601126.0 17758600025.0 17783600026.0
  1095: 17789101001.0 17796401011.0 17814701001.0 17836901011.0 17844701001.0
  1100: 17847401011.0 17854301001.0 17866001011.0 17872601001.0 17874301011.0
  1105: 17886001001.0 17886401011.0 17887001001.0 17887501011.0 17888401001.0
  1110: 17888701011.0 17894101001.0 17918001011.0 17921001001.0 17921901011.0
  1115: 17933001001.0 17933401011.0 17935801001.0 17940001011.0 17940601001.0
  1120: 17951101011.0 17953501001.0 17956101011.0 17957001001.0 17964401011.0
  1125: 17976401001.0 17979101011.0 17984801001.0 17988601125.0 17991701011.0
  1130: 18028601126.0 18028600025.0 18053600026.0 18068201001.0 18084901011.0
  1135: 18096001001.0 18100301011.0 18104801001.0 18122401011.0 18123901001.0
  1140: 18124501011.0 18126001001.0 18126701011.0 18128201001.0 18148401011.0
  1145: 18149001001.0 18149001011.0 18160101001.0 18283001011.0 18288601125.0
  1150: 18294401001.0 18312201011.0 18328601126.0 18328600025.0 18353600026.0
  1155: 18361701001.0 18398901011.0 18410601001.0 18428701011.0 18435001001.0
  1160: 18448501011.0 18457201001.0 18472401011.0 18481101001.0 18554201011.0
  1165: 18565001001.0 18579201011.0 18587301001.0 18643601125.0 18661101011.0
  1170: 18683601126.0 18683600025.0 18708600026.0 18708700115.0 18708700114.0
